 9 1
10 1
13 1
32 2
34 3
37 4
38 5
39 6
40 7
41 8
42 9
43 10
44 11
45 12
47 13
48 14
49 14
50 14
51 14
52 14
53 14
54 14
55 14
56 14
57 14
58 15
59 16
60 17
61 18
62 19
65 20
66 20
67 20
68 20
69 20
70 20
71 20
72 20
73 20
74 20
75 20
76 20
77 20
78 20
79 20
80 20
81 20
82 20
83 20
84 20
85 20
86 20
87 20
88 20
89 20
90 20
91 21
93 22
94 23
97 20
98 24
99 25
100 20
101 26
102 27
103 20
104 20
105 28
106 20
107 20
108 29
109 20
110 30
111 31
112 32
113 20
114 33
115 34
116 20
117 20
118 35
119 20
120 20
121 20
122 20
123 36
124 37
125 38
126 39
9 1
10 1
13 1
32 1
9 1
10 1
13 1
32 1
9 40
10 40
13 40
32 40
33 40
34 41
35 40
36 40
37 40
38 40
39 40
40 40
41 40
42 40
43 40
44 40
45 40
46 40
47 40
48 40
49 40
50 40
51 40
52 40
53 40
54 40
55 40
56 40
57 40
58 40
59 40
60 40
61 40
62 40
63 40
64 40
65 40
66 40
67 40
68 40
69 40
70 40
71 40
72 40
73 40
74 40
75 40
76 40
77 40
78 40
79 40
80 40
81 40
82 40
83 40
84 40
85 40
86 40
87 40
88 40
89 40
90 40
91 40
92 40
93 40
94 40
95 40
96 40
97 40
98 40
99 40
100 40
101 40
102 40
103 40
104 40
105 40
106 40
107 40
108 40
109 40
110 40
111 40
112 40
113 40
114 40
115 40
116 40
117 40
118 40
119 40
120 40
121 40
122 40
123 40
124 40
125 40
126 40
161 40
162 40
163 40
164 40
165 40
166 40
167 40
168 40
169 40
170 40
171 40
172 40
173 40
174 40
175 40
176 40
177 40
178 40
179 40
180 40
181 40
182 40
183 40
184 40
185 40
186 40
187 40
188 40
189 40
190 40
191 40
192 40
193 40
194 40
195 40
196 40
197 40
198 40
199 40
200 40
201 40
202 40
203 40
204 40
205 40
206 40
207 40
208 40
209 40
210 40
211 40
212 40
213 40
214 40
215 40
216 40
217 40
218 40
219 40
220 40
221 40
222 40
223 40
224 40
225 40
226 40
227 40
228 40
229 40
230 40
231 40
232 40
233 40
234 40
235 40
236 40
237 40
238 40
239 40
240 40
241 40
242 40
243 40
244 40
245 40
246 40
247 40
248 40
249 40
250 40
251 40
252 40
253 40
254 40
255 40
9 42
10 42
13 42
32 42
33 42
34 42
35 42
36 42
37 42
38 42
40 42
41 42
42 42
43 42
44 42
45 42
46 42
47 42
48 42
49 42
50 42
51 42
52 42
53 42
54 42
55 42
56 42
57 42
58 42
59 42
60 42
61 42
62 42
63 42
64 42
65 42
66 42
67 42
68 42
69 42
70 42
71 42
72 42
73 42
74 42
75 42
76 42
77 42
78 42
79 42
80 42
81 42
82 42
83 42
84 42
85 42
86 42
87 42
88 42
89 42
90 42
91 42
92 42
93 42
94 42
95 42
96 42
97 42
98 42
99 42
100 42
101 42
102 42
103 42
104 42
105 42
106 42
107 42
108 42
109 42
110 42
111 42
112 42
113 42
114 42
115 42
116 42
117 42
118 42
119 42
120 42
121 42
122 42
123 42
124 42
125 42
126 42
161 42
162 42
163 42
164 42
165 42
166 42
167 42
168 42
169 42
170 42
171 42
172 42
173 42
174 42
175 42
176 42
177 42
178 42
179 42
180 42
181 42
182 42
183 42
184 42
185 42
186 42
187 42
188 42
189 42
190 42
191 42
192 42
193 42
194 42
195 42
196 42
197 42
198 42
199 42
200 42
201 42
202 42
203 42
204 42
205 42
206 42
207 42
208 42
209 42
210 42
211 42
212 42
213 42
214 42
215 42
216 42
217 42
218 42
219 42
220 42
221 42
222 42
223 42
224 42
225 42
226 42
227 42
228 42
229 42
230 42
231 42
232 42
233 42
234 42
235 42
236 42
237 42
238 42
239 42
240 42
241 42
242 42
243 42
244 42
245 42
246 42
247 42
248 42
249 42
250 42
251 42
252 42
253 42
254 42
255 42
61 43
43 44
61 45
45 46
61 47
42 48
47 49
61 50
46 51
48 14
49 14
50 14
51 14
52 14
53 14
54 14
55 14
56 14
57 14
60 52
61 53
61 54
61 55
62 56
48 20
49 20
50 20
51 20
52 20
53 20
54 20
55 20
56 20
57 20
65 20
66 20
67 20
68 20
69 20
70 20
71 20
72 20
73 20
74 20
75 20
76 20
77 20
78 20
79 20
80 20
81 20
82 20
83 20
84 20
85 20
86 20
87 20
88 20
89 20
90 20
95 20
97 20
98 20
99 20
100 20
101 20
102 20
103 20
104 20
105 20
106 20
107 20
108 20
109 20
110 20
111 20
112 20
113 20
114 20
115 20
116 20
117 20
118 20
119 20
120 20
121 20
122 20
48 20
49 20
50 20
51 20
52 20
53 20
54 20
55 20
56 20
57 20
65 20
66 20
67 20
68 20
69 20
70 20
71 20
72 20
73 20
74 20
75 20
76 20
77 20
78 20
79 20
80 20
81 20
82 20
83 20
84 20
85 20
86 20
87 20
88 20
89 20
90 20
95 20
97 20
98 20
99 20
100 20
101 20
102 20
103 20
104 20
105 57
106 20
107 20
108 20
109 20
110 20
111 20
112 20
113 20
114 20
115 20
116 20
117 20
118 20
119 20
120 20
121 20
122 20
48 20
49 20
50 20
51 20
52 20
53 20
54 20
55 20
56 20
57 20
65 20
66 20
67 20
68 20
69 20
70 20
71 20
72 20
73 20
74 20
75 20
76 20
77 20
78 20
79 20
80 20
81 20
82 20
83 20
84 20
85 20
86 20
87 20
88 20
89 20
90 20
95 20
97 58
98 20
99 20
100 20
101 20
102 20
103 20
104 20
105 20
106 20
107 20
108 20
109 20
110 20
111 59
112 20
113 20
114 20
115 20
116 20
117 20
118 20
119 20
120 20
121 20
122 20
48 20
49 20
50 20
51 20
52 20
53 20
54 20
55 20
56 20
57 20
65 20
66 20
67 20
68 20
69 20
70 20
71 20
72 20
73 20
74 20
75 20
76 20
77 20
78 20
79 20
80 20
81 20
82 20
83 20
84 20
85 20
86 20
87 20
88 20
89 20
90 20
95 20
97 20
98 20
99 20
100 20
101 20
102 20
103 20
104 20
105 20
106 20
107 20
108 20
109 20
110 60
111 20
112 20
113 20
114 20
115 61
116 20
117 20
118 20
119 20
120 20
121 20
122 20
48 20
49 20
50 20
51 20
52 20
53 20
54 20
55 20
56 20
57 20
65 20
66 20
67 20
68 20
69 20
70 20
71 20
72 20
73 20
74 20
75 20
76 20
77 20
78 20
79 20
80 20
81 20
82 20
83 20
84 20
85 20
86 20
87 20
88 20
89 20
90 20
95 20
97 62
98 20
99 20
100 20
101 20
102 20
103 20
104 20
105 20
106 20
107 20
108 20
109 20
110 20
111 20
112 20
113 20
114 20
115 20
116 20
117 63
118 20
119 20
120 20
121 20
122 20
48 20
49 20
50 20
51 20
52 20
53 20
54 20
55 20
56 20
57 20
65 20
66 20
67 20
68 20
69 20
70 20
71 20
72 20
73 20
74 20
75 20
76 20
77 20
78 20
79 20
80 20
81 20
82 20
83 20
84 20
85 20
86 20
87 20
88 20
89 20
90 20
95 20
97 20
98 20
99 20
100 20
101 20
102 20
103 20
104 20
105 20
106 20
107 20
108 20
109 20
110 64
111 20
112 20
113 20
114 20
115 20
116 20
117 20
118 20
119 20
120 20
121 20
122 20
48 20
49 20
50 20
51 20
52 20
53 20
54 20
55 20
56 20
57 20
65 20
66 20
67 20
68 20
69 20
70 20
71 20
72 20
73 20
74 20
75 20
76 20
77 20
78 20
79 20
80 20
81 20
82 20
83 20
84 20
85 20
86 20
87 20
88 20
89 20
90 20
95 20
97 20
98 20
99 20
100 20
101 65
102 20
103 20
104 20
105 20
106 20
107 20
108 20
109 20
110 20
111 66
112 20
113 20
114 20
115 20
116 20
117 20
118 20
119 20
120 20
121 20
122 20
48 20
49 20
50 20
51 20
52 20
53 20
54 20
55 20
56 20
57 20
65 20
66 20
67 20
68 20
69 20
70 20
71 20
72 20
73 20
74 20
75 20
76 20
77 20
78 20
79 20
80 20
81 20
82 20
83 20
84 20
85 20
86 20
87 20
88 20
89 20
90 20
95 20
97 67
98 20
99 20
100 20
101 20
102 20
103 20
104 20
105 20
106 20
107 20
108 20
109 20
110 20
111 20
112 20
113 20
114 20
115 20
116 20
117 20
118 20
119 20
120 20
121 20
122 20
48 20
49 20
50 20
51 20
52 20
53 20
54 20
55 20
56 20
57 20
65 20
66 20
67 20
68 20
69 20
70 20
71 20
72 20
73 20
74 20
75 20
76 20
77 20
78 20
79 20
80 20
81 20
82 20
83 20
84 20
85 20
86 20
87 20
88 20
89 20
90 20
95 20
97 20
98 20
99 20
100 20
101 20
102 20
103 20
104 20
105 20
106 20
107 20
108 20
109 20
110 20
111 20
112 20
113 20
114 20
115 20
116 20
117 68
118 20
119 20
120 20
121 20
122 20
48 20
49 20
50 20
51 20
52 20
53 20
54 20
55 20
56 20
57 20
65 20
66 20
67 20
68 20
69 20
70 20
71 20
72 20
73 20
74 20
75 20
76 20
77 20
78 20
79 20
80 20
81 20
82 20
83 20
84 20
85 20
86 20
87 20
88 20
89 20
90 20
95 20
97 69
98 20
99 20
100 20
101 20
102 20
103 20
104 20
105 20
106 20
107 20
108 20
109 20
110 20
111 20
112 20
113 20
114 70
115 20
116 20
117 20
118 20
119 20
120 20
121 20
122 20
48 20
49 20
50 20
51 20
52 20
53 20
54 20
55 20
56 20
57 20
65 20
66 20
67 20
68 20
69 20
70 20
71 20
72 20
73 20
74 20
75 20
76 20
77 20
78 20
79 20
80 20
81 20
82 20
83 20
84 20
85 20
86 20
87 20
88 20
89 20
90 20
95 20
97 20
98 20
99 20
100 20
101 71
102 20
103 20
104 20
105 20
106 20
107 20
108 20
109 20
110 20
111 20
112 20
113 20
114 20
115 20
116 20
117 20
118 20
119 20
120 20
121 20
122 20
48 20
49 20
50 20
51 20
52 20
53 20
54 20
55 20
56 20
57 20
65 20
66 20
67 20
68 20
69 20
70 20
71 20
72 20
73 20
74 20
75 20
76 20
77 20
78 20
79 20
80 20
81 20
82 20
83 20
84 20
85 20
86 20
87 20
88 20
89 20
90 20
95 20
97 20
98 20
99 20
100 20
101 72
102 20
103 20
104 20
105 20
106 20
107 20
108 20
109 20
110 20
111 20
112 20
113 20
114 20
115 20
116 20
117 20
118 20
119 20
120 20
121 20
122 20
48 20
49 20
50 20
51 20
52 20
53 20
54 20
55 20
56 20
57 20
65 20
66 20
67 20
68 20
69 20
70 20
71 20
72 20
73 20
74 20
75 20
76 20
77 20
78 20
79 20
80 20
81 20
82 20
83 20
84 20
85 20
86 20
87 20
88 20
89 20
90 20
95 20
97 20
98 20
99 20
100 20
101 73
102 20
103 20
104 20
105 20
106 20
107 20
108 20
109 20
110 20
111 20
112 20
113 20
114 20
115 20
116 20
117 20
118 20
119 20
120 20
121 20
122 20
9 40
10 40
13 40
32 40
33 40
34 41
35 40
36 40
37 40
38 40
39 40
40 40
41 40
42 40
43 40
44 40
45 40
46 40
47 40
48 40
49 40
50 40
51 40
52 40
53 40
54 40
55 40
56 40
57 40
58 40
59 40
60 40
61 40
62 40
63 40
64 40
65 40
66 40
67 40
68 40
69 40
70 40
71 40
72 40
73 40
74 40
75 40
76 40
77 40
78 40
79 40
80 40
81 40
82 40
83 40
84 40
85 40
86 40
87 40
88 40
89 40
90 40
91 40
92 74
93 40
94 40
95 40
96 40
97 40
98 40
99 40
100 40
101 40
102 40
103 40
104 40
105 40
106 40
107 40
108 40
109 40
110 40
111 40
112 40
113 40
114 40
115 40
116 40
117 40
118 40
119 40
120 40
121 40
122 40
123 40
124 40
125 40
126 40
161 40
162 40
163 40
164 40
165 40
166 40
167 40
168 40
169 40
170 40
171 40
172 40
173 40
174 40
175 40
176 40
177 40
178 40
179 40
180 40
181 40
182 40
183 40
184 40
185 40
186 40
187 40
188 40
189 40
190 40
191 40
192 40
193 40
194 40
195 40
196 40
197 40
198 40
199 40
200 40
201 40
202 40
203 40
204 40
205 40
206 40
207 40
208 40
209 40
210 40
211 40
212 40
213 40
214 40
215 40
216 40
217 40
218 40
219 40
220 40
221 40
222 40
223 40
224 40
225 40
226 40
227 40
228 40
229 40
230 40
231 40
232 40
233 40
234 40
235 40
236 40
237 40
238 40
239 40
240 40
241 40
242 40
243 40
244 40
245 40
246 40
247 40
248 40
249 40
250 40
251 40
252 40
253 40
254 40
255 40
39 75
62 76
9 48
10 48
13 48
32 48
33 48
34 48
35 48
36 48
37 48
38 48
39 48
40 48
41 48
42 77
43 48
44 48
45 48
46 48
47 48
48 48
49 48
50 48
51 48
52 48
53 48
54 48
55 48
56 48
57 48
58 48
59 48
60 48
61 48
62 48
63 48
64 48
65 48
66 48
67 48
68 48
69 48
70 48
71 48
72 48
73 48
74 48
75 48
76 48
77 48
78 48
79 48
80 48
81 48
82 48
83 48
84 48
85 48
86 48
87 48
88 48
89 48
90 48
91 48
92 48
93 48
94 48
95 48
96 48
97 48
98 48
99 48
100 48
101 48
102 48
103 48
104 48
105 48
106 48
107 48
108 48
109 48
110 48
111 48
112 48
113 48
114 48
115 48
116 48
117 48
118 48
119 48
120 48
121 48
122 48
123 48
124 48
125 48
126 48
161 48
162 48
163 48
164 48
165 48
166 48
167 48
168 48
169 48
170 48
171 48
172 48
173 48
174 48
175 48
176 48
177 48
178 48
179 48
180 48
181 48
182 48
183 48
184 48
185 48
186 48
187 48
188 48
189 48
190 48
191 48
192 48
193 48
194 48
195 48
196 48
197 48
198 48
199 48
200 48
201 48
202 48
203 48
204 48
205 48
206 48
207 48
208 48
209 48
210 48
211 48
212 48
213 48
214 48
215 48
216 48
217 48
218 48
219 48
220 48
221 48
222 48
223 48
224 48
225 48
226 48
227 48
228 48
229 48
230 48
231 48
232 48
233 48
234 48
235 48
236 48
237 48
238 48
239 48
240 48
241 48
242 48
243 48
244 48
245 48
246 48
247 48
248 48
249 48
250 48
251 48
252 48
253 48
254 48
255 48
9 49
32 49
33 49
34 49
35 49
36 49
37 49
38 49
39 49
40 49
41 49
42 49
43 49
44 49
45 49
46 49
47 49
48 49
49 49
50 49
51 49
52 49
53 49
54 49
55 49
56 49
57 49
58 49
59 49
60 49
61 49
62 49
63 49
64 49
65 49
66 49
67 49
68 49
69 49
70 49
71 49
72 49
73 49
74 49
75 49
76 49
77 49
78 49
79 49
80 49
81 49
82 49
83 49
84 49
85 49
86 49
87 49
88 49
89 49
90 49
91 49
92 49
93 49
94 49
95 49
96 49
97 49
98 49
99 49
100 49
101 49
102 49
103 49
104 49
105 49
106 49
107 49
108 49
109 49
110 49
111 49
112 49
113 49
114 49
115 49
116 49
117 49
118 49
119 49
120 49
121 49
122 49
123 49
124 49
125 49
126 49
161 49
162 49
163 49
164 49
165 49
166 49
167 49
168 49
169 49
170 49
171 49
172 49
173 49
174 49
175 49
176 49
177 49
178 49
179 49
180 49
181 49
182 49
183 49
184 49
185 49
186 49
187 49
188 49
189 49
190 49
191 49
192 49
193 49
194 49
195 49
196 49
197 49
198 49
199 49
200 49
201 49
202 49
203 49
204 49
205 49
206 49
207 49
208 49
209 49
210 49
211 49
212 49
213 49
214 49
215 49
216 49
217 49
218 49
219 49
220 49
221 49
222 49
223 49
224 49
225 49
226 49
227 49
228 49
229 49
230 49
231 49
232 49
233 49
234 49
235 49
236 49
237 49
238 49
239 49
240 49
241 49
242 49
243 49
244 49
245 49
246 49
247 49
248 49
249 49
250 49
251 49
252 49
253 49
254 49
255 49
48 78
49 78
50 78
51 78
52 78
53 78
54 78
55 78
56 78
57 78
48 20
49 20
50 20
51 20
52 20
53 20
54 20
55 20
56 20
57 20
65 20
66 20
67 20
68 20
69 20
70 20
71 20
72 20
73 20
74 20
75 20
76 20
77 20
78 20
79 20
80 20
81 20
82 20
83 20
84 20
85 20
86 20
87 20
88 20
89 20
90 20
95 20
97 20
98 79
99 20
100 20
101 20
102 20
103 20
104 20
105 20
106 20
107 20
108 20
109 20
110 20
111 20
112 20
113 20
114 20
115 20
116 20
117 20
118 20
119 20
120 20
121 20
122 20
48 20
49 20
50 20
51 20
52 20
53 20
54 20
55 20
56 20
57 20
65 20
66 20
67 20
68 20
69 20
70 20
71 20
72 20
73 20
74 20
75 20
76 20
77 20
78 20
79 20
80 20
81 20
82 20
83 20
84 20
85 20
86 20
87 20
88 20
89 20
90 20
95 20
97 20
98 20
99 20
100 80
101 20
102 20
103 20
104 20
105 20
106 20
107 20
108 20
109 20
110 20
111 20
112 20
113 20
114 81
115 82
116 20
117 20
118 20
119 20
120 20
121 20
122 20
48 20
49 20
50 20
51 20
52 20
53 20
54 20
55 20
56 20
57 20
65 20
66 20
67 20
68 20
69 20
70 20
71 20
72 20
73 20
74 20
75 20
76 20
77 20
78 20
79 20
80 20
81 20
82 20
83 20
84 20
85 20
86 20
87 20
88 20
89 20
90 20
95 20
97 20
98 20
99 20
100 20
101 20
102 20
103 20
104 20
105 20
106 20
107 20
108 20
109 20
110 83
111 20
112 20
113 20
114 20
115 20
116 20
117 20
118 20
119 20
120 20
121 20
122 20
48 20
49 20
50 20
51 20
52 20
53 20
54 20
55 20
56 20
57 20
65 20
66 20
67 20
68 20
69 20
70 20
71 20
72 20
73 20
74 20
75 20
76 20
77 20
78 20
79 20
80 20
81 20
82 20
83 20
84 20
85 20
86 20
87 20
88 20
89 20
90 20
95 20
97 20
98 20
99 20
100 20
101 20
102 20
103 20
104 20
105 20
106 20
107 20
108 20
109 20
110 20
111 20
112 20
113 84
114 20
115 20
116 20
117 20
118 20
119 20
120 20
121 20
122 20
48 20
49 20
50 20
51 20
52 20
53 20
54 20
55 20
56 20
57 20
65 20
66 20
67 20
68 20
69 20
70 20
71 20
72 20
73 20
74 20
75 20
76 20
77 20
78 20
79 20
80 20
81 20
82 20
83 20
84 20
85 20
86 20
87 20
88 20
89 20
90 20
95 20
97 20
98 20
99 85
100 20
101 20
102 20
103 20
104 20
105 20
106 20
107 20
108 20
109 20
110 20
111 20
112 20
113 20
114 20
115 20
116 20
117 20
118 20
119 20
120 20
121 20
122 20
48 20
49 20
50 20
51 20
52 20
53 20
54 20
55 20
56 20
57 20
65 20
66 20
67 20
68 20
69 20
70 20
71 20
72 20
73 20
74 20
75 20
76 20
77 20
78 20
79 20
80 20
81 20
82 20
83 20
84 20
85 20
86 20
87 20
88 20
89 20
90 20
95 20
97 20
98 20
99 86
100 20
101 20
102 20
103 20
104 20
105 20
106 20
107 20
108 87
109 20
110 20
111 20
112 20
113 20
114 20
115 20
116 20
117 20
118 20
119 20
120 20
121 20
122 20
48 20
49 20
50 20
51 20
52 20
53 20
54 20
55 20
56 20
57 20
65 20
66 20
67 20
68 20
69 20
70 20
71 20
72 20
73 20
74 20
75 20
76 20
77 20
78 20
79 20
80 20
81 20
82 20
83 20
84 20
85 20
86 20
87 20
88 20
89 20
90 20
95 20
97 20
98 20
99 20
100 20
101 20
102 20
103 20
104 20
105 20
106 20
107 20
108 20
109 20
110 88
111 20
112 20
113 20
114 20
115 20
116 20
117 20
118 20
119 20
120 20
121 20
122 20
48 20
49 20
50 20
51 20
52 20
53 20
54 20
55 20
56 20
57 20
65 20
66 20
67 20
68 20
69 20
70 20
71 20
72 20
73 20
74 20
75 20
76 20
77 20
78 20
79 20
80 20
81 20
82 20
83 20
84 20
85 20
86 20
87 20
88 20
89 20
90 20
95 20
97 20
98 20
99 89
100 20
101 20
102 20
103 20
104 20
105 20
106 20
107 20
108 20
109 20
110 20
111 20
112 20
113 20
114 20
115 20
116 90
117 20
118 20
119 20
120 20
121 20
122 20
48 20
49 20
50 20
51 20
52 20
53 20
54 20
55 20
56 20
57 20
65 20
66 20
67 20
68 20
69 20
70 20
71 20
72 20
73 20
74 20
75 20
76 20
77 20
78 20
79 20
80 20
81 20
82 20
83 20
84 20
85 20
86 20
87 20
88 20
89 20
90 20
95 20
97 20
98 20
99 20
100 20
101 20
102 20
103 20
104 20
105 91
106 20
107 20
108 20
109 20
110 20
111 20
112 20
113 20
114 20
115 20
116 20
117 20
118 20
119 20
120 20
121 20
122 20
48 20
49 20
50 20
51 20
52 20
53 20
54 20
55 20
56 20
57 20
65 20
66 20
67 20
68 20
69 20
70 20
71 20
72 20
73 20
74 20
75 20
76 20
77 20
78 20
79 20
80 20
81 20
82 20
83 20
84 20
85 20
86 20
87 20
88 20
89 20
90 20
95 20
97 20
98 20
99 20
100 20
101 20
102 20
103 92
104 20
105 20
106 20
107 20
108 20
109 20
110 20
111 20
112 20
113 20
114 20
115 20
116 20
117 20
118 20
119 20
120 20
121 20
122 20
48 20
49 20
50 20
51 20
52 20
53 20
54 20
55 20
56 20
57 20
65 20
66 20
67 20
68 20
69 20
70 20
71 20
72 20
73 20
74 20
75 20
76 20
77 20
78 20
79 20
80 20
81 20
82 20
83 20
84 20
85 20
86 20
87 20
88 20
89 20
90 20
95 20
97 20
98 20
99 20
100 20
101 20
102 20
103 20
104 20
105 20
106 20
107 20
108 20
109 20
110 20
111 93
112 20
113 20
114 20
115 20
116 20
117 20
118 20
119 20
120 20
121 20
122 20
48 20
49 20
50 20
51 20
52 20
53 20
54 20
55 20
56 20
57 20
65 20
66 20
67 20
68 20
69 20
70 20
71 20
72 20
73 20
74 20
75 20
76 20
77 20
78 20
79 20
80 20
81 20
82 20
83 20
84 20
85 20
86 20
87 20
88 20
89 20
90 20
95 20
97 20
98 20
99 20
100 20
101 20
102 20
103 20
104 20
105 20
106 20
107 20
108 20
109 20
110 20
111 20
112 20
113 20
114 20
115 20
116 20
117 20
118 20
119 20
120 20
121 20
122 20
48 20
49 20
50 20
51 20
52 20
53 20
54 20
55 20
56 20
57 20
65 20
66 20
67 20
68 20
69 20
70 20
71 20
72 20
73 20
74 20
75 20
76 20
77 20
78 20
79 20
80 20
81 20
82 20
83 20
84 20
85 20
86 20
87 20
88 20
89 20
90 20
95 20
97 20
98 20
99 20
100 20
101 20
102 20
103 20
104 20
105 20
106 20
107 20
108 20
109 20
110 20
111 20
112 20
113 20
114 94
115 20
116 20
117 20
118 20
119 20
120 20
121 20
122 20
48 20
49 20
50 20
51 20
52 20
53 20
54 20
55 20
56 20
57 20
65 20
66 20
67 20
68 20
69 20
70 20
71 20
72 20
73 20
74 20
75 20
76 20
77 20
78 20
79 20
80 20
81 20
82 20
83 20
84 20
85 20
86 20
87 20
88 20
89 20
90 20
95 20
97 20
98 20
99 20
100 20
101 20
102 20
103 20
104 20
105 20
106 20
107 20
108 20
109 20
110 20
111 95
112 20
113 20
114 20
115 20
116 20
117 20
118 20
119 20
120 20
121 20
122 20
48 20
49 20
50 20
51 20
52 20
53 20
54 20
55 20
56 20
57 20
65 20
66 20
67 20
68 20
69 20
70 20
71 20
72 20
73 20
74 20
75 20
76 20
77 20
78 20
79 20
80 20
81 20
82 20
83 20
84 20
85 20
86 20
87 20
88 20
89 20
90 20
95 20
97 96
98 20
99 20
100 20
101 20
102 20
103 20
104 20
105 20
106 20
107 20
108 20
109 20
110 20
111 20
112 20
113 20
114 20
115 20
116 97
117 20
118 20
119 20
120 20
121 20
122 20
48 20
49 20
50 20
51 20
52 20
53 20
54 20
55 20
56 20
57 20
65 20
66 20
67 20
68 20
69 20
70 20
71 20
72 20
73 20
74 20
75 20
76 20
77 20
78 20
79 20
80 20
81 20
82 20
83 20
84 20
85 20
86 20
87 20
88 20
89 20
90 20
95 20
97 20
98 20
99 20
100 20
101 20
102 20
103 20
104 20
105 20
106 20
107 20
108 20
109 20
110 98
111 20
112 20
113 20
114 20
115 20
116 20
117 20
118 20
119 20
120 20
121 20
122 20
48 20
49 20
50 20
51 20
52 20
53 20
54 20
55 20
56 20
57 20
65 20
66 20
67 20
68 20
69 20
70 20
71 20
72 20
73 20
74 20
75 20
76 20
77 20
78 20
79 20
80 20
81 20
82 20
83 20
84 20
85 20
86 20
87 20
88 20
89 20
90 20
95 20
97 20
98 20
99 20
100 20
101 20
102 20
103 20
104 20
105 20
106 20
107 20
108 20
109 20
110 20
111 20
112 20
113 20
114 99
115 20
116 20
117 20
118 20
119 20
120 20
121 20
122 20
9 40
10 40
13 40
32 40
33 40
34 100
35 40
36 40
37 40
38 40
39 40
40 40
41 40
42 40
43 40
44 40
45 40
46 40
47 40
48 40
49 40
50 40
51 40
52 40
53 40
54 40
55 40
56 40
57 40
58 40
59 40
60 40
61 40
62 40
63 40
64 40
65 40
66 40
67 40
68 40
69 40
70 40
71 40
72 40
73 40
74 40
75 40
76 40
77 40
78 40
79 40
80 40
81 40
82 40
83 40
84 40
85 40
86 40
87 40
88 40
89 40
90 40
91 40
92 74
93 40
94 40
95 40
96 40
97 40
98 40
99 40
100 40
101 40
102 40
103 40
104 40
105 40
106 40
107 40
108 40
109 40
110 40
111 40
112 40
113 40
114 40
115 40
116 40
117 40
118 40
119 40
120 40
121 40
122 40
123 40
124 40
125 40
126 40
161 40
162 40
163 40
164 40
165 40
166 40
167 40
168 40
169 40
170 40
171 40
172 40
173 40
174 40
175 40
176 40
177 40
178 40
179 40
180 40
181 40
182 40
183 40
184 40
185 40
186 40
187 40
188 40
189 40
190 40
191 40
192 40
193 40
194 40
195 40
196 40
197 40
198 40
199 40
200 40
201 40
202 40
203 40
204 40
205 40
206 40
207 40
208 40
209 40
210 40
211 40
212 40
213 40
214 40
215 40
216 40
217 40
218 40
219 40
220 40
221 40
222 40
223 40
224 40
225 40
226 40
227 40
228 40
229 40
230 40
231 40
232 40
233 40
234 40
235 40
236 40
237 40
238 40
239 40
240 40
241 40
242 40
243 40
244 40
245 40
246 40
247 40
248 40
249 40
250 40
251 40
252 40
253 40
254 40
255 40
9 48
10 48
13 48
32 48
33 48
34 48
35 48
36 48
37 48
38 48
39 48
40 48
41 48
42 77
43 48
44 48
45 48
46 48
47 101
48 48
49 48
50 48
51 48
52 48
53 48
54 48
55 48
56 48
57 48
58 48
59 48
60 48
61 48
62 48
63 48
64 48
65 48
66 48
67 48
68 48
69 48
70 48
71 48
72 48
73 48
74 48
75 48
76 48
77 48
78 48
79 48
80 48
81 48
82 48
83 48
84 48
85 48
86 48
87 48
88 48
89 48
90 48
91 48
92 48
93 48
94 48
95 48
96 48
97 48
98 48
99 48
100 48
101 48
102 48
103 48
104 48
105 48
106 48
107 48
108 48
109 48
110 48
111 48
112 48
113 48
114 48
115 48
116 48
117 48
118 48
119 48
120 48
121 48
122 48
123 48
124 48
125 48
126 48
161 48
162 48
163 48
164 48
165 48
166 48
167 48
168 48
169 48
170 48
171 48
172 48
173 48
174 48
175 48
176 48
177 48
178 48
179 48
180 48
181 48
182 48
183 48
184 48
185 48
186 48
187 48
188 48
189 48
190 48
191 48
192 48
193 48
194 48
195 48
196 48
197 48
198 48
199 48
200 48
201 48
202 48
203 48
204 48
205 48
206 48
207 48
208 48
209 48
210 48
211 48
212 48
213 48
214 48
215 48
216 48
217 48
218 48
219 48
220 48
221 48
222 48
223 48
224 48
225 48
226 48
227 48
228 48
229 48
230 48
231 48
232 48
233 48
234 48
235 48
236 48
237 48
238 48
239 48
240 48
241 48
242 48
243 48
244 48
245 48
246 48
247 48
248 48
249 48
250 48
251 48
252 48
253 48
254 48
255 48
48 78
49 78
50 78
51 78
52 78
53 78
54 78
55 78
56 78
57 78
48 20
49 20
50 20
51 20
52 20
53 20
54 20
55 20
56 20
57 20
65 20
66 20
67 20
68 20
69 20
70 20
71 20
72 20
73 20
74 20
75 20
76 20
77 20
78 20
79 20
80 20
81 20
82 20
83 20
84 20
85 20
86 20
87 20
88 20
89 20
90 20
95 20
97 20
98 20
99 20
100 20
101 20
102 20
103 20
104 20
105 20
106 20
107 20
108 102
109 20
110 20
111 20
112 20
113 20
114 20
115 20
116 20
117 20
118 20
119 20
120 20
121 20
122 20
48 20
49 20
50 20
51 20
52 20
53 20
54 20
55 20
56 20
57 20
65 20
66 20
67 20
68 20
69 20
70 20
71 20
72 20
73 20
74 20
75 20
76 20
77 20
78 20
79 20
80 20
81 20
82 20
83 20
84 20
85 20
86 20
87 20
88 20
89 20
90 20
95 20
97 20
98 20
99 20
100 20
101 103
102 20
103 20
104 20
105 20
106 20
107 20
108 20
109 20
110 20
111 20
112 20
113 20
114 20
115 20
116 20
117 20
118 20
119 20
120 20
121 20
122 20
48 20
49 20
50 20
51 20
52 20
53 20
54 20
55 20
56 20
57 20
65 20
66 20
67 20
68 20
69 20
70 20
71 20
72 20
73 20
74 20
75 20
76 20
77 20
78 20
79 20
80 20
81 20
82 20
83 20
84 20
85 20
86 20
87 20
88 20
89 20
90 20
95 20
97 104
98 20
99 20
100 20
101 20
102 20
103 20
104 20
105 20
106 20
107 20
108 20
109 20
110 20
111 20
112 20
113 20
114 20
115 20
116 20
117 20
118 20
119 20
120 20
121 20
122 20
48 20
49 20
50 20
51 20
52 20
53 20
54 20
55 20
56 20
57 20
65 20
66 20
67 20
68 20
69 20
70 20
71 20
72 20
73 20
74 20
75 20
76 20
77 20
78 20
79 20
80 20
81 20
82 20
83 20
84 20
85 20
86 20
87 20
88 20
89 20
90 20
95 20
97 20
98 20
99 20
100 20
101 20
102 20
103 20
104 20
105 20
106 20
107 20
108 20
109 20
110 20
111 105
112 20
113 20
114 20
115 20
116 20
117 20
118 20
119 20
120 20
121 20
122 20
48 20
49 20
50 20
51 20
52 20
53 20
54 20
55 20
56 20
57 20
65 20
66 20
67 20
68 20
69 20
70 20
71 20
72 20
73 20
74 20
75 20
76 20
77 20
78 20
79 20
80 20
81 20
82 20
83 20
84 20
85 20
86 20
87 20
88 20
89 20
90 20
95 20
97 20
98 20
99 20
100 20
101 20
102 20
103 20
104 20
105 20
106 20
107 20
108 20
109 20
110 20
111 20
112 20
113 20
114 20
115 106
116 20
117 20
118 20
119 20
120 20
121 20
122 20
48 20
49 20
50 20
51 20
52 20
53 20
54 20
55 20
56 20
57 20
65 20
66 20
67 20
68 20
69 20
70 20
71 20
72 20
73 20
74 20
75 20
76 20
77 20
78 20
79 20
80 20
81 20
82 20
83 20
84 20
85 20
86 20
87 20
88 20
89 20
90 20
95 20
97 20
98 20
99 20
100 20
101 20
102 20
103 20
104 20
105 20
106 20
107 20
108 20
109 20
110 20
111 20
112 20
113 20
114 20
115 20
116 20
117 107
118 20
119 20
120 20
121 20
122 20
48 20
49 20
50 20
51 20
52 20
53 20
54 20
55 20
56 20
57 20
65 20
66 20
67 20
68 20
69 20
70 20
71 20
72 20
73 20
74 20
75 20
76 20
77 20
78 20
79 20
80 20
81 20
82 20
83 20
84 20
85 20
86 20
87 20
88 20
89 20
90 20
95 20
97 20
98 20
99 20
100 20
101 20
102 20
103 20
104 20
105 20
106 20
107 20
108 20
109 20
110 20
111 108
112 20
113 20
114 109
115 20
116 20
117 20
118 20
119 20
120 20
121 20
122 20
48 20
49 20
50 20
51 20
52 20
53 20
54 20
55 20
56 20
57 20
65 20
66 20
67 20
68 20
69 20
70 20
71 20
72 20
73 20
74 20
75 20
76 20
77 20
78 20
79 20
80 20
81 20
82 20
83 20
84 20
85 20
86 20
87 20
88 20
89 20
90 20
95 20
97 110
98 20
99 20
100 20
101 20
102 20
103 20
104 20
105 20
106 20
107 20
108 20
109 20
110 20
111 20
112 20
113 20
114 20
115 20
116 20
117 20
118 20
119 20
120 20
121 20
122 20
48 20
49 20
50 20
51 20
52 20
53 20
54 20
55 20
56 20
57 20
65 20
66 20
67 20
68 20
69 20
70 20
71 20
72 20
73 20
74 20
75 20
76 20
77 20
78 20
79 20
80 20
81 20
82 20
83 20
84 20
85 20
86 20
87 20
88 20
89 20
90 20
95 20
97 20
98 20
99 20
100 20
101 20
102 20
103 20
104 20
105 20
106 20
107 20
108 20
109 20
110 20
111 20
112 20
113 20
114 20
115 111
116 20
117 20
118 20
119 20
120 20
121 20
122 20
48 20
49 20
50 20
51 20
52 20
53 20
54 20
55 20
56 20
57 20
65 20
66 20
67 20
68 20
69 20
70 20
71 20
72 20
73 20
74 20
75 20
76 20
77 20
78 20
79 20
80 20
81 20
82 20
83 20
84 20
85 20
86 20
87 20
88 20
89 20
90 20
95 20
97 20
98 20
99 112
100 20
101 20
102 20
103 20
104 20
105 20
106 20
107 20
108 20
109 20
110 20
111 20
112 20
113 20
114 20
115 20
116 20
117 20
118 20
119 20
120 20
121 20
122 20
48 20
49 20
50 20
51 20
52 20
53 20
54 20
55 20
56 20
57 20
65 20
66 20
67 20
68 20
69 20
70 20
71 20
72 20
73 20
74 20
75 20
76 20
77 20
78 20
79 20
80 20
81 20
82 20
83 20
84 20
85 20
86 20
87 20
88 20
89 20
90 20
95 20
97 20
98 20
99 20
100 20
101 20
102 20
103 20
104 20
105 20
106 20
107 20
108 113
109 20
110 20
111 20
112 20
113 20
114 20
115 20
116 20
117 20
118 20
119 20
120 20
121 20
122 20
48 20
49 20
50 20
51 20
52 20
53 20
54 20
55 20
56 20
57 20
65 20
66 20
67 20
68 20
69 20
70 20
71 20
72 20
73 20
74 20
75 20
76 20
77 20
78 20
79 20
80 20
81 20
82 20
83 20
84 20
85 20
86 20
87 20
88 20
89 20
90 20
95 20
97 20
98 20
99 20
100 20
101 114
102 20
103 20
104 20
105 20
106 20
107 20
108 20
109 20
110 20
111 20
112 20
113 20
114 20
115 20
116 20
117 20
118 20
119 20
120 20
121 20
122 20
48 20
49 20
50 20
51 20
52 20
53 20
54 20
55 20
56 20
57 20
65 20
66 20
67 20
68 20
69 20
70 20
71 20
72 20
73 20
74 20
75 20
76 20
77 20
78 20
79 20
80 20
81 20
82 20
83 20
84 20
85 20
86 20
87 20
88 20
89 20
90 20
95 20
97 115
98 20
99 20
100 20
101 20
102 20
103 20
104 20
105 20
106 20
107 20
108 20
109 20
110 20
111 20
112 20
113 20
114 20
115 20
116 20
117 20
118 20
119 20
120 20
121 20
122 20
48 20
49 20
50 20
51 20
52 20
53 20
54 20
55 20
56 20
57 20
65 20
66 20
67 20
68 20
69 20
70 20
71 20
72 20
73 20
74 20
75 20
76 20
77 20
78 20
79 20
80 20
81 20
82 20
83 20
84 20
85 20
86 20
87 20
88 20
89 20
90 20
95 20
97 20
98 20
99 20
100 20
101 20
102 20
103 20
104 20
105 116
106 20
107 20
108 20
109 20
110 20
111 20
112 20
113 20
114 20
115 20
116 20
117 20
118 20
119 20
120 20
121 20
122 20
48 20
49 20
50 20
51 20
52 20
53 20
54 20
55 20
56 20
57 20
65 20
66 20
67 20
68 20
69 20
70 20
71 20
72 20
73 20
74 20
75 20
76 20
77 20
78 20
79 20
80 20
81 20
82 20
83 20
84 20
85 20
86 20
87 20
88 20
89 20
90 20
95 20
97 20
98 20
99 20
100 20
101 20
102 20
103 20
104 20
105 20
106 20
107 20
108 20
109 20
110 20
111 20
112 20
113 20
114 20
115 20
116 20
117 20
118 20
119 20
120 20
121 20
122 20
48 20
49 20
50 20
51 20
52 20
53 20
54 20
55 20
56 20
57 20
65 20
66 20
67 20
68 20
69 20
70 20
71 20
72 20
73 20
74 20
75 20
76 20
77 20
78 20
79 20
80 20
81 20
82 20
83 20
84 20
85 20
86 20
87 20
88 20
89 20
90 20
95 20
97 117
98 20
99 20
100 20
101 118
102 20
103 20
104 20
105 20
106 20
107 20
108 20
109 20
110 20
111 20
112 20
113 20
114 20
115 20
116 20
117 20
118 20
119 20
120 20
121 20
122 20
48 20
49 20
50 20
51 20
52 20
53 20
54 20
55 20
56 20
57 20
65 20
66 20
67 20
68 20
69 20
70 20
71 20
72 20
73 20
74 20
75 20
76 20
77 20
78 20
79 20
80 20
81 20
82 20
83 20
84 20
85 20
86 20
87 20
88 20
89 20
90 20
95 20
97 20
98 20
99 20
100 20
101 20
102 20
103 119
104 20
105 20
106 20
107 20
108 20
109 20
110 20
111 20
112 20
113 20
114 20
115 20
116 20
117 20
118 20
119 20
120 20
121 20
122 20
48 20
49 20
50 20
51 20
52 20
53 20
54 20
55 20
56 20
57 20
65 20
66 20
67 20
68 20
69 20
70 20
71 20
72 20
73 20
74 20
75 20
76 20
77 20
78 20
79 20
80 20
81 20
82 20
83 20
84 20
85 20
86 20
87 20
88 20
89 20
90 20
95 20
97 20
98 20
99 20
100 20
101 20
102 20
103 20
104 20
105 20
106 20
107 20
108 120
109 20
110 20
111 20
112 20
113 20
114 20
115 20
116 20
117 20
118 20
119 20
120 20
121 20
122 20
48 20
49 20
50 20
51 20
52 20
53 20
54 20
55 20
56 20
57 20
65 20
66 20
67 20
68 20
69 20
70 20
71 20
72 20
73 20
74 20
75 20
76 20
77 20
78 20
79 20
80 20
81 20
82 20
83 20
84 20
85 20
86 20
87 20
88 20
89 20
90 20
95 20
97 20
98 20
99 20
100 20
101 20
102 20
103 20
104 20
105 20
106 20
107 20
108 20
109 20
110 20
111 121
112 20
113 20
114 20
115 20
116 20
117 20
118 20
119 20
120 20
121 20
122 20
48 20
49 20
50 20
51 20
52 20
53 20
54 20
55 20
56 20
57 20
65 20
66 20
67 20
68 20
69 20
70 20
71 20
72 20
73 20
74 20
75 20
76 20
77 20
78 20
79 20
80 20
81 20
82 20
83 20
84 20
85 20
86 20
87 20
88 20
89 20
90 20
95 20
97 122
98 20
99 20
100 20
101 20
102 20
103 20
104 20
105 20
106 20
107 20
108 20
109 20
110 20
111 20
112 20
113 20
114 20
115 20
116 20
117 20
118 20
119 20
120 20
121 20
122 20
48 20
49 20
50 20
51 20
52 20
53 20
54 20
55 20
56 20
57 20
65 20
66 20
67 20
68 20
69 20
70 20
71 20
72 20
73 20
74 20
75 20
76 20
77 20
78 20
79 20
80 20
81 20
82 20
83 20
84 20
85 20
86 20
87 20
88 20
89 20
90 20
95 20
97 20
98 20
99 20
100 123
101 20
102 20
103 20
104 20
105 20
106 20
107 20
108 20
109 20
110 20
111 20
112 20
113 20
114 20
115 20
116 20
117 20
118 20
119 20
120 20
121 20
122 20
9 40
10 40
13 40
32 40
33 40
34 41
35 40
36 40
37 40
38 40
39 40
40 40
41 40
42 40
43 40
44 40
45 40
46 40
47 40
48 40
49 40
50 40
51 40
52 40
53 40
54 40
55 40
56 40
57 40
58 40
59 40
60 40
61 40
62 40
63 40
64 40
65 40
66 40
67 40
68 40
69 40
70 40
71 40
72 40
73 40
74 40
75 40
76 40
77 40
78 40
79 40
80 40
81 40
82 40
83 40
84 40
85 40
86 40
87 40
88 40
89 40
90 40
91 40
92 74
93 40
94 40
95 40
96 40
97 40
98 40
99 40
100 40
101 40
102 40
103 40
104 40
105 40
106 40
107 40
108 40
109 40
110 40
111 40
112 40
113 40
114 40
115 40
116 40
117 40
118 40
119 40
120 40
121 40
122 40
123 40
124 40
125 40
126 40
161 40
162 40
163 40
164 40
165 40
166 40
167 40
168 40
169 40
170 40
171 40
172 40
173 40
174 40
175 40
176 40
177 40
178 40
179 40
180 40
181 40
182 40
183 40
184 40
185 40
186 40
187 40
188 40
189 40
190 40
191 40
192 40
193 40
194 40
195 40
196 40
197 40
198 40
199 40
200 40
201 40
202 40
203 40
204 40
205 40
206 40
207 40
208 40
209 40
210 40
211 40
212 40
213 40
214 40
215 40
216 40
217 40
218 40
219 40
220 40
221 40
222 40
223 40
224 40
225 40
226 40
227 40
228 40
229 40
230 40
231 40
232 40
233 40
234 40
235 40
236 40
237 40
238 40
239 40
240 40
241 40
242 40
243 40
244 40
245 40
246 40
247 40
248 40
249 40
250 40
251 40
252 40
253 40
254 40
255 40
48 20
49 20
50 20
51 20
52 20
53 20
54 20
55 20
56 20
57 20
65 20
66 20
67 20
68 20
69 20
70 20
71 20
72 20
73 20
74 20
75 20
76 20
77 20
78 20
79 20
80 20
81 20
82 20
83 20
84 20
85 20
86 20
87 20
88 20
89 20
90 20
95 20
97 20
98 20
99 20
100 20
101 20
102 20
103 20
104 20
105 124
106 20
107 20
108 20
109 20
110 20
111 20
112 20
113 20
114 20
115 20
116 20
117 20
118 20
119 20
120 20
121 20
122 20
48 20
49 20
50 20
51 20
52 20
53 20
54 20
55 20
56 20
57 20
65 20
66 20
67 20
68 20
69 20
70 20
71 20
72 20
73 20
74 20
75 20
76 20
77 20
78 20
79 20
80 20
81 20
82 20
83 20
84 20
85 20
86 20
87 20
88 20
89 20
90 20
95 20
97 20
98 20
99 20
100 20
101 20
102 20
103 20
104 20
105 125
106 20
107 20
108 20
109 20
110 20
111 20
112 20
113 20
114 20
115 20
116 20
117 20
118 20
119 20
120 20
121 20
122 20
48 20
49 20
50 20
51 20
52 20
53 20
54 20
55 20
56 20
57 20
65 20
66 20
67 20
68 20
69 20
70 20
71 20
72 20
73 20
74 20
75 20
76 20
77 20
78 20
79 20
80 20
81 20
82 20
83 20
84 20
85 20
86 20
87 20
88 20
89 20
90 20
95 20
97 20
98 20
99 126
100 20
101 20
102 20
103 20
104 20
105 20
106 20
107 20
108 20
109 20
110 20
111 20
112 20
113 20
114 20
115 20
116 20
117 20
118 20
119 20
120 20
121 20
122 20
48 20
49 20
50 20
51 20
52 20
53 20
54 20
55 20
56 20
57 20
65 20
66 20
67 20
68 20
69 20
70 20
71 20
72 20
73 20
74 20
75 20
76 20
77 20
78 20
79 20
80 20
81 20
82 20
83 20
84 20
85 20
86 20
87 20
88 20
89 20
90 20
95 20
97 20
98 20
99 20
100 20
101 20
102 20
103 20
104 20
105 20
106 20
107 20
108 20
109 20
110 20
111 20
112 20
113 20
114 20
115 20
116 20
117 20
118 20
119 20
120 20
121 20
122 20
48 20
49 20
50 20
51 20
52 20
53 20
54 20
55 20
56 20
57 20
65 20
66 20
67 20
68 20
69 20
70 20
71 20
72 20
73 20
74 20
75 20
76 20
77 20
78 20
79 20
80 20
81 20
82 20
83 20
84 20
85 20
86 20
87 20
88 20
89 20
90 20
95 20
97 20
98 20
99 20
100 20
101 20
102 20
103 20
104 20
105 20
106 20
107 20
108 20
109 20
110 20
111 20
112 20
113 20
114 20
115 20
116 127
117 20
118 20
119 20
120 20
121 20
122 20
48 20
49 20
50 20
51 20
52 20
53 20
54 20
55 20
56 20
57 20
65 20
66 20
67 20
68 20
69 20
70 20
71 20
72 20
73 20
74 20
75 20
76 20
77 20
78 20
79 20
80 20
81 20
82 20
83 20
84 20
85 20
86 20
87 20
88 20
89 20
90 20
95 20
97 128
98 20
99 20
100 20
101 20
102 20
103 20
104 20
105 20
106 20
107 20
108 20
109 20
110 20
111 20
112 20
113 20
114 20
115 20
116 20
117 20
118 20
119 20
120 20
121 20
122 20
48 20
49 20
50 20
51 20
52 20
53 20
54 20
55 20
56 20
57 20
65 20
66 20
67 20
68 20
69 20
70 20
71 20
72 20
73 20
74 20
75 20
76 20
77 20
78 20
79 20
80 20
81 20
82 20
83 20
84 20
85 20
86 20
87 20
88 20
89 20
90 20
95 20
97 20
98 20
99 20
100 20
101 20
102 20
103 20
104 20
105 20
106 20
107 20
108 129
109 20
110 20
111 20
112 20
113 20
114 20
115 20
116 20
117 20
118 20
119 20
120 20
121 20
122 20
48 20
49 20
50 20
51 20
52 20
53 20
54 20
55 20
56 20
57 20
65 20
66 20
67 20
68 20
69 20
70 20
71 20
72 20
73 20
74 20
75 20
76 20
77 20
78 20
79 20
80 20
81 20
82 20
83 20
84 20
85 20
86 20
87 20
88 20
89 20
90 20
95 20
97 20
98 20
99 20
100 20
101 130
102 20
103 20
104 20
105 20
106 20
107 20
108 20
109 20
110 20
111 20
112 20
113 20
114 20
115 20
116 20
117 20
118 20
119 20
120 20
121 20
122 20
48 20
49 20
50 20
51 20
52 20
53 20
54 20
55 20
56 20
57 20
65 20
66 20
67 20
68 20
69 20
70 20
71 20
72 20
73 20
74 20
75 20
76 20
77 20
78 20
79 20
80 20
81 20
82 20
83 20
84 20
85 20
86 20
87 20
88 20
89 20
90 20
95 20
97 20
98 20
99 20
100 20
101 20
102 20
103 20
104 20
105 20
106 20
107 20
108 20
109 20
110 20
111 20
112 20
113 20
114 20
115 20
116 20
117 20
118 20
119 20
120 20
121 20
122 20
48 20
49 20
50 20
51 20
52 20
53 20
54 20
55 20
56 20
57 20
65 20
66 20
67 20
68 20
69 20
70 20
71 20
72 20
73 20
74 20
75 20
76 20
77 20
78 20
79 20
80 20
81 20
82 20
83 20
84 20
85 20
86 20
87 20
88 20
89 20
90 20
95 20
97 20
98 20
99 20
100 20
101 20
102 20
103 20
104 20
105 20
106 20
107 20
108 20
109 20
110 20
111 131
112 20
113 20
114 20
115 20
116 20
117 20
118 20
119 20
120 20
121 20
122 20
48 20
49 20
50 20
51 20
52 20
53 20
54 20
55 20
56 20
57 20
65 20
66 20
67 20
68 20
69 20
70 20
71 20
72 20
73 20
74 20
75 20
76 20
77 20
78 20
79 20
80 20
81 20
82 20
83 20
84 20
85 20
86 20
87 20
88 20
89 20
90 20
95 20
97 132
98 20
99 20
100 20
101 20
102 20
103 20
104 20
105 20
106 20
107 20
108 20
109 20
110 20
111 20
112 20
113 20
114 20
115 20
116 20
117 20
118 20
119 20
120 20
121 20
122 20
48 20
49 20
50 20
51 20
52 20
53 20
54 20
55 20
56 20
57 20
65 20
66 20
67 20
68 20
69 20
70 20
71 20
72 20
73 20
74 20
75 20
76 20
77 20
78 20
79 20
80 20
81 20
82 20
83 20
84 20
85 20
86 20
87 20
88 20
89 20
90 20
95 20
97 20
98 20
99 20
100 20
101 20
102 20
103 20
104 20
105 20
106 20
107 20
108 20
109 20
110 20
111 20
112 20
113 20
114 20
115 20
116 20
117 133
118 20
119 20
120 20
121 20
122 20
48 20
49 20
50 20
51 20
52 20
53 20
54 20
55 20
56 20
57 20
65 20
66 20
67 20
68 20
69 20
70 20
71 20
72 20
73 20
74 20
75 20
76 20
77 20
78 20
79 20
80 20
81 20
82 20
83 20
84 20
85 20
86 20
87 20
88 20
89 20
90 20
95 20
97 20
98 20
99 20
100 20
101 20
102 20
103 20
104 20
105 134
106 20
107 20
108 20
109 20
110 20
111 20
112 20
113 20
114 20
115 20
116 20
117 20
118 20
119 20
120 20
121 20
122 20
48 20
49 20
50 20
51 20
52 20
53 20
54 20
55 20
56 20
57 20
65 20
66 20
67 20
68 20
69 20
70 20
71 20
72 20
73 20
74 20
75 20
76 20
77 20
78 20
79 20
80 20
81 20
82 20
83 20
84 20
85 20
86 20
87 20
88 20
89 20
90 20
95 20
97 20
98 20
99 20
100 20
101 20
102 20
103 20
104 20
105 20
106 20
107 20
108 20
109 20
110 20
111 20
112 20
113 20
114 20
115 20
116 20
117 20
118 20
119 20
120 20
121 20
122 20
48 20
49 20
50 20
51 20
52 20
53 20
54 20
55 20
56 20
57 20
65 20
66 20
67 20
68 20
69 20
70 20
71 20
72 20
73 20
74 20
75 20
76 20
77 20
78 20
79 20
80 20
81 20
82 20
83 20
84 20
85 20
86 20
87 20
88 20
89 20
90 20
95 20
97 20
98 20
99 135
100 20
101 20
102 20
103 20
104 20
105 20
106 20
107 20
108 20
109 20
110 20
111 20
112 20
113 20
114 20
115 20
116 20
117 20
118 20
119 20
120 20
121 20
122 20
48 20
49 20
50 20
51 20
52 20
53 20
54 20
55 20
56 20
57 20
65 20
66 20
67 20
68 20
69 20
70 20
71 20
72 20
73 20
74 20
75 20
76 20
77 20
78 20
79 20
80 20
81 20
82 20
83 20
84 20
85 20
86 20
87 20
88 20
89 20
90 20
95 20
97 20
98 20
99 20
100 20
101 20
102 20
103 20
104 20
105 20
106 20
107 20
108 20
109 20
110 20
111 20
112 20
113 20
114 20
115 20
116 20
117 20
118 20
119 20
120 20
121 20
122 20
48 20
49 20
50 20
51 20
52 20
53 20
54 20
55 20
56 20
57 20
65 20
66 20
67 20
68 20
69 20
70 20
71 20
72 20
73 20
74 20
75 20
76 20
77 20
78 20
79 20
80 20
81 20
82 20
83 20
84 20
85 20
86 20
87 20
88 20
89 20
90 20
95 20
97 20
98 20
99 20
100 20
101 20
102 20
103 20
104 20
105 20
106 20
107 20
108 20
109 20
110 20
111 20
112 20
113 20
114 20
115 20
116 20
117 20
118 20
119 20
120 20
121 20
122 20
48 20
49 20
50 20
51 20
52 20
53 20
54 20
55 20
56 20
57 20
65 20
66 20
67 20
68 20
69 20
70 20
71 20
72 20
73 20
74 20
75 20
76 20
77 20
78 20
79 20
80 20
81 20
82 20
83 20
84 20
85 20
86 20
87 20
88 20
89 20
90 20
95 20
97 20
98 20
99 20
100 20
101 20
102 20
103 20
104 20
105 20
106 20
107 20
108 20
109 20
110 20
111 20
112 20
113 20
114 136
115 20
116 20
117 20
118 20
119 20
120 20
121 20
122 20
48 20
49 20
50 20
51 20
52 20
53 20
54 20
55 20
56 20
57 20
65 20
66 20
67 20
68 20
69 20
70 20
71 20
72 20
73 20
74 20
75 20
76 20
77 20
78 20
79 20
80 20
81 20
82 20
83 20
84 20
85 20
86 20
87 20
88 20
89 20
90 20
95 20
97 20
98 20
99 20
100 20
101 20
102 20
103 20
104 20
105 20
106 20
107 20
108 20
109 20
110 20
111 20
112 20
113 20
114 20
115 20
116 20
117 20
118 20
119 20
120 20
121 20
122 20
48 20
49 20
50 20
51 20
52 20
53 20
54 20
55 20
56 20
57 20
65 20
66 20
67 20
68 20
69 20
70 20
71 20
72 20
73 20
74 20
75 20
76 20
77 20
78 20
79 20
80 20
81 20
82 20
83 20
84 20
85 20
86 20
87 20
88 20
89 20
90 20
95 20
97 20
98 20
99 20
100 20
101 20
102 20
103 20
104 20
105 20
106 20
107 20
108 20
109 20
110 20
111 20
112 20
113 20
114 137
115 20
116 20
117 20
118 20
119 20
120 20
121 20
122 20
48 20
49 20
50 20
51 20
52 20
53 20
54 20
55 20
56 20
57 20
65 20
66 20
67 20
68 20
69 20
70 20
71 20
72 20
73 20
74 20
75 20
76 20
77 20
78 20
79 20
80 20
81 20
82 20
83 20
84 20
85 20
86 20
87 20
88 20
89 20
90 20
95 20
97 20
98 20
99 20
100 20
101 20
102 20
103 20
104 20
105 20
106 20
107 20
108 20
109 20
110 20
111 138
112 20
113 20
114 20
115 20
116 20
117 20
118 20
119 20
120 20
121 20
122 20
48 20
49 20
50 20
51 20
52 20
53 20
54 20
55 20
56 20
57 20
65 20
66 20
67 20
68 20
69 20
70 20
71 20
72 20
73 20
74 20
75 20
76 20
77 20
78 20
79 20
80 20
81 20
82 20
83 20
84 20
85 20
86 20
87 20
88 20
89 20
90 20
95 20
97 139
98 20
99 20
100 20
101 20
102 20
103 20
104 20
105 20
106 20
107 20
108 20
109 20
110 20
111 20
112 20
113 20
114 20
115 20
116 20
117 20
118 20
119 20
120 20
121 20
122 20
48 20
49 20
50 20
51 20
52 20
53 20
54 20
55 20
56 20
57 20
65 20
66 20
67 20
68 20
69 20
70 20
71 20
72 20
73 20
74 20
75 20
76 20
77 20
78 20
79 20
80 20
81 20
82 20
83 20
84 20
85 20
86 20
87 20
88 20
89 20
90 20
95 20
97 20
98 20
99 20
100 20
101 20
102 20
103 20
104 20
105 20
106 20
107 20
108 20
109 20
110 20
111 140
112 20
113 20
114 20
115 20
116 20
117 20
118 20
119 20
120 20
121 20
122 20
48 20
49 20
50 20
51 20
52 20
53 20
54 20
55 20
56 20
57 20
65 20
66 20
67 20
68 20
69 20
70 20
71 20
72 20
73 20
74 20
75 20
76 20
77 20
78 20
79 20
80 20
81 20
82 20
83 20
84 20
85 20
86 20
87 20
88 20
89 20
90 20
95 20
97 141
98 20
99 20
100 20
101 20
102 20
103 20
104 20
105 20
106 20
107 20
108 20
109 20
110 20
111 20
112 20
113 20
114 20
115 20
116 20
117 20
118 20
119 20
120 20
121 20
122 20
48 20
49 20
50 20
51 20
52 20
53 20
54 20
55 20
56 20
57 20
65 20
66 20
67 20
68 20
69 20
70 20
71 20
72 20
73 20
74 20
75 20
76 20
77 20
78 20
79 20
80 20
81 20
82 20
83 20
84 20
85 20
86 20
87 20
88 20
89 20
90 20
95 20
97 20
98 20
99 20
100 20
101 20
102 20
103 20
104 20
105 20
106 20
107 20
108 20
109 20
110 20
111 20
112 20
113 20
114 20
115 20
116 142
117 20
118 20
119 20
120 20
121 20
122 20
48 20
49 20
50 20
51 20
52 20
53 20
54 20
55 20
56 20
57 20
65 20
66 20
67 20
68 20
69 20
70 20
71 20
72 20
73 20
74 20
75 20
76 20
77 20
78 20
79 20
80 20
81 20
82 20
83 20
84 20
85 20
86 20
87 20
88 20
89 20
90 20
95 20
97 20
98 20
99 20
100 20
101 20
102 20
103 20
104 20
105 20
106 20
107 20
108 20
109 20
110 20
111 20
112 20
113 20
114 20
115 20
116 20
117 20
118 20
119 20
120 20
121 20
122 20
48 20
49 20
50 20
51 20
52 20
53 20
54 20
55 20
56 20
57 20
65 20
66 20
67 20
68 20
69 20
70 20
71 20
72 20
73 20
74 20
75 20
76 20
77 20
78 20
79 20
80 20
81 20
82 20
83 20
84 20
85 20
86 20
87 20
88 20
89 20
90 20
95 20
97 20
98 20
99 20
100 20
101 20
102 20
103 20
104 20
105 20
106 20
107 20
108 20
109 20
110 143
111 20
112 20
113 20
114 20
115 20
116 20
117 20
118 20
119 20
120 20
121 20
122 20
48 20
49 20
50 20
51 20
52 20
53 20
54 20
55 20
56 20
57 20
65 20
66 20
67 20
68 20
69 20
70 20
71 20
72 20
73 20
74 20
75 20
76 20
77 20
78 20
79 20
80 20
81 20
82 20
83 20
84 20
85 20
86 20
87 20
88 20
89 20
90 20
95 20
97 20
98 20
99 20
100 20
101 20
102 20
103 20
104 144
105 20
106 20
107 20
108 20
109 20
110 20
111 20
112 20
113 20
114 20
115 20
116 20
117 20
118 20
119 20
120 20
121 20
122 20
48 20
49 20
50 20
51 20
52 20
53 20
54 20
55 20
56 20
57 20
65 20
66 20
67 20
68 20
69 20
70 20
71 20
72 20
73 20
74 20
75 20
76 20
77 20
78 20
79 20
80 20
81 20
82 20
83 20
84 20
85 20
86 20
87 20
88 20
89 20
90 20
95 20
97 20
98 20
99 20
100 20
101 20
102 20
103 20
104 20
105 20
106 20
107 20
108 20
109 20
110 20
111 20
112 20
113 20
114 20
115 20
116 20
117 20
118 145
119 20
120 20
121 20
122 20
48 20
49 20
50 20
51 20
52 20
53 20
54 20
55 20
56 20
57 20
65 20
66 20
67 20
68 20
69 20
70 20
71 20
72 20
73 20
74 20
75 20
76 20
77 20
78 20
79 20
80 20
81 20
82 20
83 20
84 20
85 20
86 20
87 20
88 20
89 20
90 20
95 20
97 20
98 20
99 20
100 20
101 20
102 20
103 20
104 20
105 20
106 20
107 20
108 20
109 20
110 20
111 20
112 20
113 20
114 20
115 20
116 20
117 20
118 20
119 20
120 20
121 20
122 20
48 20
49 20
50 20
51 20
52 20
53 20
54 20
55 20
56 20
57 20
65 20
66 20
67 20
68 20
69 20
70 20
71 20
72 20
73 20
74 20
75 20
76 20
77 20
78 20
79 20
80 20
81 20
82 20
83 20
84 20
85 20
86 20
87 20
88 20
89 20
90 20
95 20
97 20
98 20
99 20
100 20
101 20
102 20
103 20
104 20
105 20
106 20
107 20
108 20
109 20
110 20
111 146
112 20
113 20
114 20
115 20
116 20
117 20
118 20
119 20
120 20
121 20
122 20
48 20
49 20
50 20
51 20
52 20
53 20
54 20
55 20
56 20
57 20
65 20
66 20
67 20
68 20
69 20
70 20
71 20
72 20
73 20
74 20
75 20
76 20
77 20
78 20
79 20
80 20
81 20
82 20
83 20
84 20
85 20
86 20
87 20
88 20
89 20
90 20
95 20
97 147
98 20
99 20
100 20
101 20
102 20
103 20
104 20
105 20
106 20
107 20
108 20
109 20
110 20
111 20
112 20
113 20
114 20
115 20
116 20
117 20
118 20
119 20
120 20
121 20
122 20
48 20
49 20
50 20
51 20
52 20
53 20
54 20
55 20
56 20
57 20
65 20
66 20
67 20
68 20
69 20
70 20
71 20
72 20
73 20
74 20
75 20
76 20
77 20
78 20
79 20
80 20
81 20
82 20
83 20
84 20
85 20
86 20
87 20
88 20
89 20
90 20
95 20
97 20
98 20
99 20
100 20
101 20
102 20
103 20
104 20
105 20
106 20
107 20
108 20
109 20
110 20
111 20
112 20
113 20
114 148
115 20
116 20
117 20
118 20
119 20
120 20
121 20
122 20
48 20
49 20
50 20
51 20
52 20
53 20
54 20
55 20
56 20
57 20
65 20
66 20
67 20
68 20
69 20
70 20
71 20
72 20
73 20
74 20
75 20
76 20
77 20
78 20
79 20
80 20
81 20
82 20
83 20
84 20
85 20
86 20
87 20
88 20
89 20
90 20
95 20
97 20
98 20
99 20
100 20
101 20
102 20
103 20
104 20
105 20
106 20
107 20
108 20
109 20
110 20
111 149
112 20
113 20
114 20
115 20
116 20
117 20
118 20
119 20
120 20
121 20
122 20
48 20
49 20
50 20
51 20
52 20
53 20
54 20
55 20
56 20
57 20
65 20
66 20
67 20
68 20
69 20
70 20
71 20
72 20
73 20
74 20
75 20
76 20
77 20
78 20
79 20
80 20
81 20
82 20
83 20
84 20
85 20
86 20
87 20
88 20
89 20
90 20
95 20
97 150
98 20
99 20
100 20
101 20
102 20
103 20
104 20
105 20
106 20
107 20
108 20
109 20
110 20
111 20
112 20
113 20
114 20
115 20
116 20
117 20
118 20
119 20
120 20
121 20
122 20
48 20
49 20
50 20
51 20
52 20
53 20
54 20
55 20
56 20
57 20
65 20
66 20
67 20
68 20
69 20
70 20
71 20
72 20
73 20
74 20
75 20
76 20
77 20
78 20
79 20
80 20
81 20
82 20
83 20
84 20
85 20
86 20
87 20
88 20
89 20
90 20
95 20
97 20
98 20
99 20
100 20
101 20
102 20
103 20
104 20
105 20
106 20
107 20
108 20
109 20
110 151
111 20
112 20
113 20
114 20
115 20
116 20
117 20
118 20
119 20
120 20
121 20
122 20
48 20
49 20
50 20
51 20
52 20
53 20
54 20
55 20
56 20
57 20
65 20
66 20
67 20
68 20
69 20
70 20
71 20
72 20
73 20
74 20
75 20
76 20
77 20
78 20
79 20
80 20
81 20
82 20
83 20
84 20
85 20
86 20
87 20
88 20
89 20
90 20
95 20
97 20
98 20
99 20
100 20
101 20
102 20
103 20
104 20
105 20
106 20
107 20
108 20
109 20
110 20
111 20
112 20
113 20
114 20
115 20
116 20
117 20
118 20
119 20
120 20
121 20
122 20
48 20
49 20
50 20
51 20
52 20
53 20
54 20
55 20
56 20
57 20
65 20
66 20
67 20
68 20
69 20
70 20
71 20
72 20
73 20
74 20
75 20
76 20
77 20
78 20
79 20
80 20
81 20
82 20
83 20
84 20
85 20
86 20
87 20
88 20
89 20
90 20
95 20
97 20
98 20
99 20
100 152
101 20
102 20
103 20
104 20
105 20
106 20
107 20
108 20
109 20
110 20
111 20
112 20
113 20
114 20
115 20
116 20
117 20
118 20
119 20
120 20
121 20
122 20
48 20
49 20
50 20
51 20
52 20
53 20
54 20
55 20
56 20
57 20
65 20
66 20
67 20
68 20
69 20
70 20
71 20
72 20
73 20
74 20
75 20
76 20
77 20
78 20
79 20
80 20
81 20
82 20
83 20
84 20
85 20
86 20
87 20
88 20
89 20
90 20
95 20
97 20
98 20
99 20
100 20
101 20
102 20
103 20
104 20
105 20
106 20
107 20
108 20
109 20
110 20
111 20
112 20
113 20
114 20
115 20
116 153
117 20
118 20
119 20
120 20
121 20
122 20
48 20
49 20
50 20
51 20
52 20
53 20
54 20
55 20
56 20
57 20
65 20
66 20
67 20
68 20
69 20
70 20
71 20
72 20
73 20
74 20
75 20
76 20
77 20
78 20
79 20
80 20
81 20
82 20
83 20
84 20
85 20
86 20
87 20
88 20
89 20
90 20
95 20
97 20
98 20
99 20
100 20
101 20
102 20
103 20
104 20
105 20
106 20
107 20
108 20
109 20
110 20
111 20
112 20
113 20
114 20
115 20
116 20
117 20
118 20
119 20
120 20
121 20
122 20
48 20
49 20
50 20
51 20
52 20
53 20
54 20
55 20
56 20
57 20
65 20
66 20
67 20
68 20
69 20
70 20
71 20
72 20
73 20
74 20
75 20
76 20
77 20
78 20
79 20
80 20
81 20
82 20
83 20
84 20
85 20
86 20
87 20
88 20
89 20
90 20
95 20
97 20
98 20
99 20
100 20
101 154
102 20
103 20
104 20
105 20
106 20
107 20
108 20
109 20
110 20
111 20
112 20
113 20
114 20
115 20
116 20
117 20
118 20
119 20
120 20
121 20
122 20
48 20
49 20
50 20
51 20
52 20
53 20
54 20
55 20
56 20
57 20
65 20
66 20
67 20
68 20
69 20
70 20
71 20
72 20
73 20
74 20
75 20
76 20
77 20
78 20
79 20
80 20
81 20
82 20
83 20
84 20
85 20
86 20
87 20
88 20
89 20
90 20
95 20
97 20
98 20
99 20
100 20
101 20
102 20
103 20
104 20
105 20
106 20
107 20
108 20
109 20
110 20
111 20
112 20
113 20
114 20
115 20
116 155
117 20
118 20
119 20
120 20
121 20
122 20
48 20
49 20
50 20
51 20
52 20
53 20
54 20
55 20
56 20
57 20
65 20
66 20
67 20
68 20
69 20
70 20
71 20
72 20
73 20
74 20
75 20
76 20
77 20
78 20
79 20
80 20
81 20
82 20
83 20
84 20
85 20
86 20
87 20
88 20
89 20
90 20
95 20
97 156
98 20
99 20
100 20
101 20
102 20
103 20
104 20
105 20
106 20
107 20
108 20
109 20
110 20
111 20
112 20
113 20
114 20
115 20
116 20
117 20
118 20
119 20
120 20
121 20
122 20
48 20
49 20
50 20
51 20
52 20
53 20
54 20
55 20
56 20
57 20
65 20
66 20
67 20
68 20
69 20
70 20
71 20
72 20
73 20
74 20
75 20
76 20
77 20
78 20
79 20
80 20
81 20
82 20
83 20
84 20
85 20
86 20
87 20
88 20
89 20
90 20
95 20
97 157
98 20
99 20
100 20
101 20
102 20
103 20
104 20
105 20
106 20
107 20
108 20
109 20
110 20
111 20
112 20
113 20
114 20
115 20
116 20
117 20
118 20
119 20
120 20
121 20
122 20
48 20
49 20
50 20
51 20
52 20
53 20
54 20
55 20
56 20
57 20
65 20
66 20
67 20
68 20
69 20
70 20
71 20
72 20
73 20
74 20
75 20
76 20
77 20
78 20
79 20
80 20
81 20
82 20
83 20
84 20
85 20
86 20
87 20
88 20
89 20
90 20
95 20
97 20
98 20
99 20
100 20
101 20
102 20
103 20
104 20
105 20
106 20
107 20
108 20
109 20
110 20
111 20
112 20
113 20
114 20
115 20
116 20
117 20
118 20
119 20
120 20
121 20
122 20
48 20
49 20
50 20
51 20
52 20
53 20
54 20
55 20
56 20
57 20
65 20
66 20
67 20
68 20
69 20
70 20
71 20
72 20
73 20
74 20
75 20
76 20
77 20
78 20
79 20
80 20
81 20
82 20
83 20
84 20
85 20
86 20
87 20
88 20
89 20
90 20
95 20
97 20
98 20
99 20
100 20
101 20
102 20
103 20
104 20
105 20
106 20
107 20
108 20
109 20
110 20
111 20
112 20
113 20
114 20
115 20
116 20
117 20
118 20
119 20
120 20
121 20
122 20
48 20
49 20
50 20
51 20
52 20
53 20
54 20
55 20
56 20
57 20
65 20
66 20
67 20
68 20
69 20
70 20
71 20
72 20
73 20
74 20
75 20
76 20
77 20
78 20
79 20
80 20
81 20
82 20
83 20
84 20
85 20
86 20
87 20
88 20
89 20
90 20
95 20
97 20
98 20
99 20
100 20
101 20
102 20
103 20
104 20
105 20
106 20
107 20
108 20
109 20
110 20
111 158
112 20
113 20
114 20
115 20
116 20
117 20
118 20
119 20
120 20
121 20
122 20
48 20
49 20
50 20
51 20
52 20
53 20
54 20
55 20
56 20
57 20
65 20
66 20
67 20
68 20
69 20
70 20
71 20
72 20
73 20
74 20
75 20
76 20
77 20
78 20
79 20
80 20
81 20
82 20
83 20
84 20
85 20
86 20
87 20
88 20
89 20
90 20
95 20
97 20
98 20
99 20
100 20
101 20
102 20
103 20
104 20
105 20
106 20
107 20
108 20
109 20
110 20
111 20
112 20
113 20
114 20
115 20
116 20
117 20
118 20
119 20
120 20
121 20
122 20
48 20
49 20
50 20
51 20
52 20
53 20
54 20
55 20
56 20
57 20
65 20
66 20
67 20
68 20
69 20
70 20
71 20
72 20
73 20
74 20
75 20
76 20
77 20
78 20
79 20
80 20
81 20
82 20
83 20
84 20
85 20
86 20
87 20
88 20
89 20
90 20
95 20
97 20
98 20
99 20
100 20
101 20
102 20
103 20
104 20
105 20
106 20
107 20
108 20
109 159
110 20
111 20
112 20
113 20
114 20
115 20
116 20
117 20
118 20
119 20
120 20
121 20
122 20
48 20
49 20
50 20
51 20
52 20
53 20
54 20
55 20
56 20
57 20
65 20
66 20
67 20
68 20
69 20
70 20
71 20
72 20
73 20
74 20
75 20
76 20
77 20
78 20
79 20
80 20
81 20
82 20
83 20
84 20
85 20
86 20
87 20
88 20
89 20
90 20
95 20
97 20
98 20
99 20
100 20
101 160
102 20
103 20
104 20
105 20
106 20
107 20
108 20
109 20
110 20
111 20
112 20
113 20
114 20
115 20
116 20
117 20
118 20
119 20
120 20
121 20
122 20
48 20
49 20
50 20
51 20
52 20
53 20
54 20
55 20
56 20
57 20
65 20
66 20
67 20
68 20
69 20
70 20
71 20
72 20
73 20
74 20
75 20
76 20
77 20
78 20
79 20
80 20
81 20
82 20
83 20
84 20
85 20
86 20
87 20
88 20
89 20
90 20
95 20
97 20
98 20
99 20
100 20
101 161
102 20
103 20
104 20
105 20
106 20
107 20
108 20
109 20
110 20
111 20
112 20
113 20
114 20
115 20
116 20
117 20
118 20
119 20
120 20
121 20
122 20
48 20
49 20
50 20
51 20
52 20
53 20
54 20
55 20
56 20
57 20
65 20
66 20
67 20
68 20
69 20
70 20
71 20
72 20
73 20
74 20
75 20
76 20
77 20
78 20
79 20
80 20
81 20
82 20
83 20
84 20
85 20
86 20
87 20
88 20
89 20
90 20
95 20
97 20
98 20
99 20
100 20
101 162
102 20
103 20
104 20
105 20
106 20
107 20
108 20
109 20
110 20
111 20
112 20
113 20
114 20
115 20
116 20
117 20
118 20
119 20
120 20
121 20
122 20
48 20
49 20
50 20
51 20
52 20
53 20
54 20
55 20
56 20
57 20
65 20
66 20
67 20
68 20
69 20
70 20
71 20
72 20
73 20
74 20
75 20
76 20
77 20
78 20
79 20
80 20
81 20
82 20
83 20
84 20
85 20
86 20
87 20
88 20
89 20
90 20
95 20
97 20
98 20
99 20
100 20
101 20
102 20
103 20
104 20
105 20
106 20
107 20
108 20
109 20
110 20
111 20
112 20
113 20
114 163
115 20
116 20
117 20
118 20
119 20
120 20
121 20
122 20
48 20
49 20
50 20
51 20
52 20
53 20
54 20
55 20
56 20
57 20
65 20
66 20
67 20
68 20
69 20
70 20
71 20
72 20
73 20
74 20
75 20
76 20
77 20
78 20
79 20
80 20
81 20
82 20
83 20
84 20
85 20
86 20
87 20
88 20
89 20
90 20
95 20
97 20
98 20
99 20
100 20
101 20
102 20
103 20
104 20
105 20
106 20
107 20
108 20
109 20
110 20
111 164
112 20
113 20
114 20
115 20
116 20
117 20
118 20
119 20
120 20
121 20
122 20
48 20
49 20
50 20
51 20
52 20
53 20
54 20
55 20
56 20
57 20
65 20
66 20
67 20
68 20
69 20
70 20
71 20
72 20
73 20
74 20
75 20
76 20
77 20
78 20
79 20
80 20
81 20
82 20
83 20
84 20
85 20
86 20
87 20
88 20
89 20
90 20
95 20
97 20
98 20
99 20
100 20
101 20
102 20
103 20
104 20
105 20
106 20
107 20
108 20
109 20
110 20
111 20
112 20
113 20
114 20
115 20
116 20
117 20
118 20
119 20
120 20
121 20
122 20
48 20
49 20
50 20
51 20
52 20
53 20
54 20
55 20
56 20
57 20
65 20
66 20
67 20
68 20
69 20
70 20
71 20
72 20
73 20
74 20
75 20
76 20
77 20
78 20
79 20
80 20
81 20
82 20
83 20
84 20
85 20
86 20
87 20
88 20
89 20
90 20
95 20
97 20
98 20
99 20
100 20
101 20
102 20
103 20
104 20
105 20
106 20
107 20
108 20
109 20
110 20
111 20
112 20
113 20
114 20
115 20
116 20
117 20
118 20
119 20
120 20
121 20
122 20
48 20
49 20
50 20
51 20
52 20
53 20
54 20
55 20
56 20
57 20
65 20
66 20
67 20
68 20
69 20
70 20
71 20
72 20
73 20
74 20
75 20
76 20
77 20
78 20
79 20
80 20
81 20
82 20
83 20
84 20
85 20
86 20
87 20
88 20
89 20
90 20
95 20
97 20
98 20
99 20
100 20
101 20
102 20
103 20
104 20
105 20
106 20
107 20
108 20
109 20
110 20
111 20
112 20
113 20
114 20
115 20
116 20
117 20
118 20
119 20
120 20
121 20
122 20
48 20
49 20
50 20
51 20
52 20
53 20
54 20
55 20
56 20
57 20
65 20
66 20
67 20
68 20
69 20
70 20
71 20
72 20
73 20
74 20
75 20
76 20
77 20
78 20
79 20
80 20
81 20
82 20
83 20
84 20
85 20
86 20
87 20
88 20
89 20
90 20
95 20
97 165
98 20
99 20
100 20
101 20
102 20
103 20
104 20
105 20
106 20
107 20
108 20
109 20
110 20
111 20
112 20
113 20
114 20
115 20
116 20
117 20
118 20
119 20
120 20
121 20
122 20
48 20
49 20
50 20
51 20
52 20
53 20
54 20
55 20
56 20
57 20
65 20
66 20
67 20
68 20
69 20
70 20
71 20
72 20
73 20
74 20
75 20
76 20
77 20
78 20
79 20
80 20
81 20
82 20
83 20
84 20
85 20
86 20
87 20
88 20
89 20
90 20
95 20
97 20
98 20
99 20
100 20
101 20
102 20
103 20
104 20
105 20
106 20
107 20
108 20
109 20
110 20
111 20
112 20
113 20
114 20
115 20
116 20
117 20
118 20
119 20
120 20
121 20
122 20
48 20
49 20
50 20
51 20
52 20
53 20
54 20
55 20
56 20
57 20
65 20
66 20
67 20
68 20
69 20
70 20
71 20
72 20
73 20
74 20
75 20
76 20
77 20
78 20
79 20
80 20
81 20
82 20
83 20
84 20
85 20
86 20
87 20
88 20
89 20
90 20
95 20
97 20
98 20
99 20
100 20
101 20
102 20
103 20
104 20
105 166
106 20
107 20
108 20
109 20
110 20
111 20
112 20
113 20
114 20
115 20
116 20
117 20
118 20
119 20
120 20
121 20
122 20
48 20
49 20
50 20
51 20
52 20
53 20
54 20
55 20
56 20
57 20
65 20
66 20
67 20
68 20
69 20
70 20
71 20
72 20
73 20
74 20
75 20
76 20
77 20
78 20
79 20
80 20
81 20
82 20
83 20
84 20
85 20
86 20
87 20
88 20
89 20
90 20
95 20
97 20
98 20
99 167
100 20
101 20
102 20
103 20
104 20
105 20
106 20
107 20
108 20
109 20
110 20
111 20
112 20
113 20
114 20
115 20
116 20
117 20
118 20
119 20
120 20
121 20
122 20
48 20
49 20
50 20
51 20
52 20
53 20
54 20
55 20
56 20
57 20
65 20
66 20
67 20
68 20
69 20
70 20
71 20
72 20
73 20
74 20
75 20
76 20
77 20
78 20
79 20
80 20
81 20
82 20
83 20
84 20
85 20
86 20
87 20
88 20
89 20
90 20
95 20
97 20
98 20
99 20
100 20
101 20
102 20
103 20
104 20
105 20
106 20
107 20
108 20
109 20
110 20
111 20
112 20
113 20
114 20
115 20
116 20
117 20
118 20
119 20
120 20
121 20
122 20
48 20
49 20
50 20
51 20
52 20
53 20
54 20
55 20
56 20
57 20
65 20
66 20
67 20
68 20
69 20
70 20
71 20
72 20
73 20
74 20
75 20
76 20
77 20
78 20
79 20
80 20
81 20
82 20
83 20
84 20
85 20
86 20
87 20
88 20
89 20
90 20
95 20
97 20
98 20
99 20
100 20
101 20
102 20
103 20
104 20
105 20
106 20
107 20
108 20
109 20
110 20
111 20
112 20
113 20
114 20
115 20
116 20
117 20
118 20
119 20
120 20
121 20
122 20
48 20
49 20
50 20
51 20
52 20
53 20
54 20
55 20
56 20
57 20
65 20
66 20
67 20
68 20
69 20
70 20
71 20
72 20
73 20
74 20
75 20
76 20
77 20
78 20
79 20
80 20
81 20
82 20
83 20
84 20
85 20
86 20
87 20
88 20
89 20
90 20
95 20
97 20
98 20
99 20
100 20
101 20
102 20
103 20
104 20
105 20
106 20
107 20
108 20
109 20
110 20
111 20
112 20
113 20
114 20
115 20
116 20
117 20
118 20
119 20
120 20
121 20
122 20
48 20
49 20
50 20
51 20
52 20
53 20
54 20
55 20
56 20
57 20
65 20
66 20
67 20
68 20
69 20
70 20
71 20
72 20
73 20
74 20
75 20
76 20
77 20
78 20
79 20
80 20
81 20
82 20
83 20
84 20
85 20
86 20
87 20
88 20
89 20
90 20
95 20
97 20
98 20
99 20
100 20
101 20
102 20
103 20
104 20
105 20
106 20
107 20
108 20
109 20
110 20
111 20
112 20
113 20
114 168
115 20
116 20
117 20
118 20
119 20
120 20
121 20
122 20
48 20
49 20
50 20
51 20
52 20
53 20
54 20
55 20
56 20
57 20
65 20
66 20
67 20
68 20
69 20
70 20
71 20
72 20
73 20
74 20
75 20
76 20
77 20
78 20
79 20
80 20
81 20
82 20
83 20
84 20
85 20
86 20
87 20
88 20
89 20
90 20
95 20
97 169
98 20
99 20
100 20
101 20
102 20
103 20
104 20
105 20
106 20
107 20
108 20
109 20
110 20
111 20
112 20
113 20
114 20
115 20
116 20
117 20
118 20
119 20
120 20
121 20
122 20
48 20
49 20
50 20
51 20
52 20
53 20
54 20
55 20
56 20
57 20
65 20
66 20
67 20
68 20
69 20
70 20
71 20
72 20
73 20
74 20
75 20
76 20
77 20
78 20
79 20
80 20
81 20
82 20
83 20
84 20
85 20
86 20
87 20
88 20
89 20
90 20
95 20
97 20
98 20
99 20
100 20
101 20
102 20
103 20
104 20
105 20
106 20
107 20
108 20
109 20
110 20
111 131
112 20
113 20
114 20
115 20
116 20
117 20
118 20
119 20
120 20
121 20
122 20
48 20
49 20
50 20
51 20
52 20
53 20
54 20
55 20
56 20
57 20
65 20
66 20
67 20
68 20
69 20
70 20
71 20
72 20
73 20
74 20
75 20
76 20
77 20
78 20
79 20
80 20
81 20
82 20
83 20
84 20
85 20
86 20
87 20
88 20
89 20
90 20
95 20
97 20
98 20
99 20
100 20
101 20
102 20
103 20
104 20
105 20
106 20
107 20
108 20
109 20
110 20
111 20
112 20
113 20
114 20
115 20
116 20
117 20
118 20
119 20
120 20
121 20
122 20